0.536821 -0.843696
-0.787772 0.615966
0.206472 -0.978453
0.299679 -0.954040
0.849828 -0.527060
0.323612 0.946190
-0.510245 0.860029
0.114289 -0.993448
-0.173629 0.984811
-0.943054 -0.332641
-0.989932 0.141542
-0.689702 -0.724093
-0.660295 0.751006
-0.996457 -0.084100
0.955292 -0.295664
0.864539 -0.502565
-0.657951 -0.753060
-0.204037 -0.978963
0.629634 0.776892
-0.782513 -0.622634
0.994760 0.102241
0.044679 0.999001
0.650730 0.759309
0.333866 -0.942621
0.553327 0.832964
-0.812490 0.582975
0.685506 0.728067
0.775263 0.631639
0.999977 -0.006759
0.198128 0.980176
-0.996701 -0.081167
0.531108 -0.847304
-0.759836 -0.650115
-0.285209 0.958465
-0.649199 -0.760619
-0.988379 -0.152009
-0.999187 0.040309
0.985405 -0.170228
-0.263974 0.964530
0.133791 -0.991010
-0.985914 -0.167253
0.124795 -0.992183
-0.809860 0.586623
0.776602 -0.629991
-0.207797 0.978172
-0.600211 0.799842
0.354793 -0.934945
0.873343 -0.487106
0.905481 0.424387
0.949741 -0.313037
-0.986691 -0.162608
0.857346 0.514740
0.355156 0.934807
-0.518600 -0.855017
0.771443 -0.636298
-0.582143 0.813086
0.919810 0.392364
0.992097 0.125477
-0.964891 0.262651
0.922440 0.386139
0.073573 0.997290
0.983026 -0.183467
0.817093 -0.576506
0.592450 -0.805607
-0.104522 0.994523
-0.968957 -0.247230
-0.708025 0.706187
0.064349 -0.997927
-0.996900 -0.078680
-0.494238 -0.869327
-0.980346 -0.197286
0.969698 0.244308
-0.924210 0.381885
0.909676 -0.415320
0.906981 -0.421171
-0.181501 -0.983391
-0.213808 0.976876
-0.071980 -0.997406
-0.637527 -0.770428
-0.608173 0.793805
-0.380585 -0.924746
0.503764 0.863842
-0.930018 0.367514
0.729291 -0.684203
0.477348 -0.878714
-0.483608 0.875284
0.131763 0.991281
0.783845 -0.620956
-0.589614 0.807685
-0.387498 -0.921871
0.962826 -0.270122
-0.848876 -0.528592
-0.550052 -0.835130
0.630993 -0.775789
-0.928755 0.370695
0.888049 -0.459750
-0.803204 0.595704
0.395802 -0.918336
-0.401650 -0.915793
0.847584 -0.530661
-0.993954 0.109793
0.213082 0.977034
0.951545 -0.307510
0.876694 -0.481048
0.599616 0.800288
0.733520 -0.679668
-0.632179 -0.774823
-0.909984 0.414642
-0.730702 -0.682696
-0.193915 0.981018
0.224283 -0.974524
-0.353227 0.935538
-0.945132 0.326689
0.149564 0.988752
0.382491 0.923959
-0.164091 0.986445
-0.937770 -0.347258
-0.865505 0.500900
0.483916 0.875115
0.833398 -0.552674
0.797146 0.603787
0.702313 0.711868
-0.999590 0.028623
0.065769 -0.997835
0.995414 -0.095663
0.917764 -0.397126
-0.400347 -0.916364
-0.742535 0.669808
-0.001441 -0.999999
-0.678401 0.734691
-0.273921 0.961752
0.111224 0.993795
-0.862374 -0.506272
0.035099 0.999384
0.575572 0.817751
-0.111930 -0.993716
0.704994 0.709213
0.269748 -0.962931
0.513890 0.857856
-0.030963 -0.999521
0.892344 0.451356
0.951258 -0.308396
0.946026 0.324091
-0.990836 -0.135072
0.447200 0.894434
0.062400 0.998051
0.295829 -0.955241
-0.108771 -0.994067
-0.553931 -0.832562
0.979102 -0.203372
-0.640043 -0.768339
0.061127 -0.998130
0.832409 0.554161
0.661772 0.749705
-0.991948 -0.126642
0.881604 0.471990
0.905077 0.425247
0.281072 0.959687
-0.970764 0.240036
0.423943 -0.905689
-0.895753 -0.444552
0.035057 -0.999385
0.947222 0.320579
0.547409 0.836865
1.000000 -0.000042
0.283040 0.959108
0.770335 -0.637640
0.705022 0.709185
0.999904 -0.013830
0.942870 0.333161
0.687015 -0.726643
0.898500 0.438973
0.999658 0.026145
0.885433 -0.464768
-0.830973 -0.556312
0.423662 0.905820
0.519112 0.854707
-0.777239 0.629206
0.854364 -0.519675
0.424044 -0.905641
-0.633034 0.774124
-0.946116 -0.323828
-0.878027 -0.478611
-0.955933 0.293585
-0.383338 -0.923608
0.810344 0.585954
-0.981323 -0.192365
0.045811 -0.998950
-0.334567 0.942372
0.998808 -0.048812
-0.885316 -0.464990
0.718623 -0.695400
-0.013765 -0.999905
-0.689524 -0.724262
0.975336 0.220723
-0.013806 -0.999905
0.499483 -0.866324
0.892078 -0.451882
0.699384 -0.714746
0.487455 -0.873148
0.991663 -0.128861
-0.038877 -0.999244
0.821267 -0.570544
0.994693 -0.102890
-0.498838 -0.866695
-0.999852 0.017225
0.514612 0.857423
0.481818 -0.876271
0.766285 -0.642500
0.885247 0.465121
-0.589274 -0.807933
0.012289 0.999924
-0.686927 -0.726726
0.130711 0.991420
-0.305311 -0.952253
-0.407887 0.913033
-0.475006 0.879983
0.116427 0.993199
0.893388 0.449287
-0.670350 -0.742045
0.164767 0.986332
-0.582017 -0.813177
-0.997747 -0.067091
0.983971 -0.178329
-0.187640 0.982238
-0.958330 -0.285662
-0.191895 -0.981416
0.757212 0.653169
-0.983991 0.178218
-0.835670 -0.549232
0.939420 -0.342767
-0.952822 0.303529
-0.516330 0.856390
0.575952 -0.817483
-0.916536 0.399953
0.999794 0.020302
-0.561787 0.827282
-0.814589 -0.580038
0.499509 -0.866309
0.101039 0.994882
-0.451325 -0.892360
-0.994267 0.106922
-0.993566 0.113258
-0.338476 0.940975
-0.235967 -0.971761
0.411195 0.911547
-0.721081 -0.692850
0.967218 0.253946
-0.857474 0.514528
-0.332916 -0.942956
-0.459935 -0.887953
-0.648779 -0.760977
-0.573029 0.819535
0.399324 0.916810
-0.774083 -0.633085
-0.697455 -0.716628
-0.120786 -0.992679
-0.472778 0.881182
-0.060042 -0.998196
0.295765 0.955261
0.879059 -0.476712
-0.398552 -0.917146
-0.571761 -0.820420
-0.045634 0.998958
-0.979298 -0.202423
0.852168 0.523268
-0.065906 0.997826
0.717618 -0.696437
-0.390652 -0.920538
0.831504 0.555519
0.765380 0.643579
-0.645142 0.764063
-0.886134 -0.463428
-0.833345 -0.552753
-0.500600 -0.865679
-0.241244 0.970464
0.161193 -0.986923
-0.238814 0.971065
-0.479781 0.877388
0.369579 0.929199
0.995177 -0.098092
0.999747 0.022483
0.467324 -0.884086
-0.489876 0.871792
0.378610 0.925556
-0.921449 0.388499
0.966418 -0.256977
0.873049 -0.487633
0.093303 -0.995638
-0.314538 -0.949245
0.724033 0.689765
-0.392613 -0.919704
-0.745237 0.666800
0.151923 -0.988392
0.936662 -0.350234
0.864785 -0.502142
0.646658 -0.762780
0.287739 0.957709
0.270876 -0.962614
-0.954786 -0.297293
-0.292769 0.956183
0.826841 -0.562435
0.843123 -0.537721
0.702555 -0.711629
-0.999932 0.011662
-0.887560 -0.460692
0.521123 0.853482
-0.149673 0.988735
0.659324 -0.751859
-0.998860 0.047742
-0.974048 0.226340
0.582394 -0.812907
-0.999681 0.025273
-0.255094 0.966916
0.423383 0.905951
-0.401881 -0.915692
-0.140589 -0.990068
0.641972 0.766728
-0.797382 -0.603474
-0.998867 0.047598
0.525888 -0.850554
-0.161076 -0.986942
0.435943 0.899974
0.175237 0.984526
-0.999957 0.009265
0.723532 0.690291
0.645913 0.763411
-0.639564 0.768738
-0.452909 0.891557
0.909833 -0.414975
0.839187 -0.543842
-0.719893 -0.694085
0.518892 -0.854840
0.415104 -0.909774
-0.999696 0.024663
-0.508888 0.860833
-0.787557 0.616242
-0.542014 -0.840370
-0.774969 -0.631999
-0.055929 0.998435
0.581516 0.813535
0.897903 0.440193
0.779060 0.626949
-0.601890 -0.798579
-0.654680 0.755906
-0.238144 0.971230
-0.489365 0.872079
0.840439 0.541906
-0.897551 0.440911
0.916488 -0.400061
-0.865280 -0.501288
-0.096993 0.995285
-0.542460 -0.840082
0.073934 -0.997263
-0.996881 0.078918
0.550219 0.835020
0.741895 -0.670516
-0.704145 -0.710056
-0.993812 -0.111075
0.261790 0.965125
-0.935310 -0.353830
-0.894402 0.447264
0.481417 -0.876492
-0.787794 0.615939
0.035637 0.999365
-0.459655 0.888098
-0.129322 -0.991603
-0.643917 -0.765095
0.995469 -0.095081
-0.526473 0.850192
0.799911 -0.600118
0.656232 0.754559
-0.846970 0.531641
0.999423 0.033976
0.207595 -0.978215
0.152623 -0.988284
-0.271005 0.962578
0.751490 0.659745
0.663828 -0.747885
-0.181171 -0.983452
0.952670 0.304008
-0.949304 0.314360
0.996387 -0.084928
-0.261394 -0.965232
0.243313 0.969948
-0.986577 0.163295
0.662165 -0.749358
0.830877 0.556455
0.810642 0.585543
-0.741303 0.671171
-0.319533 0.947575
-0.551018 -0.834493
0.362832 -0.931854
0.676712 0.736248
0.948085 0.318016
0.944192 0.329394
-0.964914 0.262567
0.192737 -0.981250
-0.355964 -0.934500
-0.935578 0.353121
0.732780 0.680466
-0.845549 -0.533897
-0.880407 -0.474219
-0.982406 -0.186759
-0.826921 -0.562318
-0.646657 0.762781
-0.334510 0.942392
0.765375 -0.643585
-0.989197 0.146593
0.482743 0.875762
-0.771598 -0.636111
-0.986943 -0.161069
-0.733575 -0.679609
-0.822833 -0.568283
0.102511 0.994732
0.480697 -0.876887
0.904586 0.426292
0.813289 0.581860
0.887349 -0.461099
0.483683 0.875244
-0.993421 0.114522
0.153388 0.988166
0.463867 -0.885905
-0.253729 0.967275
-0.623736 0.781635
0.721517 -0.692396
-0.558184 0.829717
0.396620 -0.917983
-0.540350 -0.841440
0.974063 0.226275
-0.046911 0.998899
0.176614 -0.984280
-0.702811 -0.711377
0.514997 -0.857192
-0.357330 0.933978
0.181148 0.983456
0.320821 0.947140
-0.760643 -0.649170
0.771583 0.636129
-0.456200 -0.889877
0.201323 -0.979525
-0.190703 -0.981648
0.306911 0.951738
-0.813380 0.581732
-0.400939 0.916105
-0.915263 0.402858
0.119123 0.992880
-0.753211 0.657778
-0.978780 -0.204915
0.563518 0.826104
-0.940032 -0.341087
0.995807 0.091477
-0.729891 0.683564
-0.738222 0.674558
-0.341148 0.940009
-0.079038 -0.996872
-0.065579 0.997847
-0.589518 -0.807755
-0.946459 -0.322825
0.875065 -0.484006
-0.391453 -0.920198
0.366869 -0.930273
-0.321848 -0.946792
-0.379491 0.925196
-0.608484 -0.793566
0.999288 0.037720
-0.978633 -0.205615
0.556403 -0.830913
-0.735615 -0.677400
-0.624299 -0.781186
-0.993241 -0.116070
-0.811627 0.584176
-0.647795 0.761815
-0.194369 -0.980929
0.320328 -0.947307
-0.438177 -0.898889
0.573072 0.819505
0.978720 0.205202
0.921309 0.388831
-0.392982 -0.919546
0.382008 0.924159
-0.733434 -0.679761
-0.307218 -0.951639
-0.910546 -0.413409
0.999975 0.007072
0.999357 0.035864
-0.340149 0.940372
-0.072634 0.997359
-0.560170 -0.828378
0.625512 -0.780214
0.419167 0.907909
-0.542992 0.839738
-0.496330 -0.868134
0.724693 -0.689072
-0.570861 -0.821047
-0.386914 0.922116
0.750169 -0.661246
0.389842 0.920882
0.550916 0.834560
-0.999764 -0.021744
0.476001 -0.879445
-0.450326 -0.892864
0.824137 -0.566390
0.361622 0.932325
-0.788308 0.615281
-0.272549 -0.962142
0.679602 -0.733581
-0.955983 -0.293422
-0.069316 -0.997595
0.911363 -0.411604
0.105869 0.994380
0.895457 -0.445148
-0.948216 -0.317626
0.913766 -0.406240
-0.999383 0.035136
-0.945946 -0.324323
0.927748 -0.373208
0.306898 -0.951742
0.392175 -0.919891
-0.828852 -0.559467
-0.550593 -0.834774
0.999564 -0.029528
0.919866 -0.392232
-0.451421 0.892311
0.704031 -0.710169
-0.847156 -0.531345
-0.648153 -0.761510
0.058547 -0.998285
0.159048 -0.987271
0.278448 -0.960451
-0.080241 0.996775
-0.792542 -0.609818
-0.982945 0.183899
0.498433 0.866928
0.281948 -0.959430
0.661714 -0.749756
0.698261 -0.715844
-0.512206 -0.858863
-0.852583 0.522592
-0.762521 -0.646963
-0.820316 -0.571911
-0.609917 -0.792465
-0.970799 -0.239894
0.596182 0.802850
-0.879252 -0.476356
0.978628 0.205638
-0.303573 -0.952808
-0.993504 -0.113796
0.496053 -0.868292
-0.995533 -0.094415
0.759802 0.650154
-0.997951 0.063983
-0.997887 -0.064978
0.953927 0.300038
0.393404 -0.919366
-0.748690 0.662921
-0.648701 -0.761043
-0.955093 0.296308
0.617949 0.786218
-0.854531 0.519400
0.018644 0.999826
-0.833268 0.552869
0.993991 0.109463
-0.202193 -0.979346
-0.894626 -0.446816
0.385276 -0.922801
-0.868064 -0.496452
-0.944533 0.328417
-0.989901 0.141764
0.999539 -0.030377
0.932700 0.360654
0.893107 0.449845
-0.633707 -0.773573
-0.818945 -0.573872
0.171296 0.985220
0.188691 0.982037
-0.683433 -0.730013
0.886725 -0.462298
-0.075713 -0.997130
-0.972884 0.231293
-0.926412 0.376512
0.590761 -0.806846
0.956092 -0.293067
0.948919 -0.315519
0.805628 -0.592422
0.106696 -0.994292
-0.501283 0.865284
-0.973470 -0.228814
0.192711 0.981256
-0.990069 0.140583
0.950707 -0.310092
-0.977492 0.210972
0.747269 -0.664522
0.978937 -0.204161
0.404256 0.914646
-0.965445 0.260606
0.188762 -0.982023
0.103158 -0.994665
0.826307 -0.563219
-0.047642 0.998864
0.072897 -0.997339
0.973824 -0.227303
-0.491884 0.870661
-0.817711 0.575629
-0.927951 -0.372702
-0.942050 -0.335473
-0.719583 -0.694406
0.362114 0.932134
-0.990427 0.138034
-0.637932 0.770092
-0.567891 -0.823104
0.865572 -0.500784
0.244479 0.969655
-0.784180 -0.620534
0.663352 -0.748308
0.771403 0.636347
-0.700661 0.713494
0.314970 0.949101
-0.605333 -0.795973
-0.835145 -0.550030
-0.445270 -0.895396
-0.822317 -0.569029
0.932388 0.361458
-0.927746 -0.373211
-0.921170 -0.389160
0.046317 0.998927
0.992949 0.118540
-0.556047 0.831151
0.998375 0.056979
0.887246 -0.461297
-0.803716 -0.595013
0.129607 -0.991565
0.759167 -0.650895
0.913390 -0.407087
0.464792 0.885420
-0.947061 0.321054
-0.997025 0.077077
0.280385 -0.959888
-0.642209 -0.766530
0.976842 -0.213963
0.560334 0.828267
-0.266230 0.963910
0.738378 -0.674387
-0.666142 0.745825
0.806911 -0.590673
-0.014843 -0.999890
-0.988467 0.151433
-0.143930 0.989588
0.944322 -0.329023
0.718888 0.695126
0.664505 -0.747284
-0.715083 -0.699039
-0.195607 -0.980682
0.889689 -0.456568
0.402526 0.915409
-0.201456 0.979498
0.497284 0.867588
0.291175 0.956670
-0.702091 -0.712087
0.447042 0.894513
0.699652 0.714484
0.140579 0.990069
0.944908 -0.327336
0.996207 0.087014
0.531446 0.847092
0.729015 0.684498
-0.971405 0.237429
-0.595157 -0.803610
0.861446 -0.507849
0.805840 0.592133
-0.753316 -0.657659
0.903332 0.428943
-0.785301 0.619114
-0.999749 0.022424
-0.921664 0.387990
-0.267975 0.963426
0.037259 0.999306
0.852280 -0.523086
-0.914825 -0.403851
0.363978 0.931408
0.976304 0.216404
-0.909698 0.415271
0.390816 -0.920469
0.021251 -0.999774
-0.619750 0.784799
0.999919 -0.012756
0.974995 0.222228
-0.989074 -0.147419
0.303354 0.952878
-0.526289 -0.850306
-0.310289 -0.950642
-0.468574 0.883424
0.767876 -0.640598
-0.604374 -0.796701
-0.543667 0.839301
0.950730 0.310020
0.104743 -0.994499
0.328847 -0.944383
-0.316698 -0.948526
-0.414824 -0.909902
0.824198 -0.566301
-0.385234 0.922819
0.015573 -0.999879
-0.296641 0.954989
0.364444 -0.931225
0.373589 0.927594
-0.840569 -0.541705
0.944157 0.329496
0.803613 0.595152
0.550204 0.835031
0.036757 0.999324
0.655777 0.754954
-0.847283 -0.531142
0.934212 0.356719
0.768720 -0.639586
0.941943 -0.335772
0.938686 0.344774
0.891632 -0.452762
-0.981151 0.193242
-0.043774 0.999041
-0.854241 -0.519877
0.488144 0.872763
-0.862066 -0.506796
-0.988984 0.148023
0.400310 -0.916380
0.894031 -0.448005
-0.986147 -0.165875
-0.869409 -0.494094
-0.129088 -0.991633
0.154973 0.987919
-0.088927 0.996038
-0.667956 -0.744201
-0.971371 -0.237568
0.994532 0.104428
0.908847 -0.417131
-0.575241 0.817984
0.274679 0.961536
-0.989910 -0.141701
-0.812640 0.582766
-0.351524 0.936179
-0.426327 -0.904569
-0.612242 -0.790670
-0.937294 0.348540
-0.119236 0.992866
-0.289917 -0.957052
-0.497596 0.867409
0.221061 0.975260
0.057825 -0.998327
-0.050945 0.998701
-0.405356 -0.914159
0.994838 0.101471
0.562721 -0.826647
0.599973 -0.800020
-0.806192 -0.591655
-0.434161 0.900835
-0.492946 -0.870060
-0.985824 -0.167781
0.577572 -0.816340
-0.001321 0.999999
-0.039121 0.999234
0.895985 0.444085
-0.995920 -0.090242
0.769762 -0.638331
-0.764833 -0.644229
-0.981051 -0.193751
0.433329 -0.901236
0.966932 -0.255034
-0.083176 -0.996535
-0.556664 0.830738
-0.637144 0.770745
0.962173 0.272440
0.988781 0.149376
0.999491 0.031889
-0.996795 0.080000
-0.266209 0.963915
-0.259250 -0.965810
0.426609 -0.904436
-0.998917 -0.046538
-0.979186 0.202967
0.881527 0.472133
0.362372 0.932034
-0.994727 0.102560
0.886341 -0.463033
0.963059 0.269291
0.862620 0.505852
0.032301 0.999478
-0.240436 -0.970665
-0.765519 -0.643413
0.834569 0.550903
0.970982 -0.239154
0.672868 -0.739763
0.503113 0.864221
-0.988602 0.150553
0.045736 -0.998954
0.171959 -0.985104
0.999038 0.043843
-0.880473 -0.474096
-0.084961 -0.996384
-0.039405 -0.999223
0.883977 -0.467531
0.822090 0.569358
0.234314 -0.972161
0.943897 -0.330241
0.803515 0.595284
-0.155792 0.987790
0.067050 0.997750
0.366620 -0.930371
0.826930 0.562305
-0.020543 -0.999789
-0.170156 0.985417
0.463478 0.886108
0.924392 -0.381443
0.068194 -0.997672
0.821096 0.570789
0.992963 -0.118421
0.563500 -0.826116
-0.543969 0.839105
-0.353690 -0.935363
-0.962904 0.269843
-0.916246 0.400616
-0.567121 -0.823634
-0.448289 0.893889
-0.807196 -0.590284
0.684657 0.728865
0.872450 0.488704
-0.720296 0.693667
0.652043 0.758182
-0.536477 -0.843915
0.752355 0.658758
0.731900 -0.681413
-0.868789 -0.495183
0.243434 0.969918
-0.490947 -0.871189
-0.983576 -0.180493
-0.381774 0.924256
0.937038 -0.349228
0.114139 -0.993465
0.719933 0.694043
0.971237 0.238115
-0.995600 -0.093707
-0.806423 0.591339
0.239151 0.970982
-0.956069 0.293141
0.534968 0.844872
-0.357860 0.933775
-0.914628 0.404296
0.999417 0.034142
-0.588870 -0.808227
0.701657 0.712514
-0.971556 0.236811
0.863339 0.504625
0.188926 -0.981991
0.223855 -0.974622
-0.399012 -0.916946
0.845089 -0.534626
0.671604 -0.740910
0.923461 0.383693
0.956378 0.292134
-0.985565 -0.169297
0.442009 0.897011
0.899036 -0.437875
0.772414 0.635119
-0.762426 0.647075
-0.822850 -0.568258
-0.645093 -0.764104
-0.306988 -0.951713
-0.969493 -0.245118
-0.832741 0.553662
0.439520 -0.898233
-0.883241 -0.468919
0.880959 -0.473192
0.176720 0.984261
0.244084 -0.969754
-0.703547 0.710649
-0.737036 0.675854
0.818184 0.574957
0.356172 -0.934421
-0.759681 0.650296
-0.017108 -0.999854
0.915699 -0.401866
0.584076 -0.811699
0.489781 -0.871846
-0.221628 -0.975131
-0.660351 -0.750957
-0.994863 -0.101227
-0.708624 -0.705586
-0.999886 -0.015086
-0.879877 -0.475201
-0.471587 -0.881819
0.982899 0.184148
0.037347 -0.999302
-0.810100 -0.586292
0.642249 0.766496
0.618148 0.786062
0.333425 0.942777
0.171372 -0.985206
0.558342 -0.829611
-0.092162 -0.995744
0.402761 0.915305
-0.499781 -0.866152
-0.385523 0.922698
0.787931 0.615764
0.764199 -0.644981
0.800690 0.599079
-0.991938 0.126723
-0.127331 0.991860
0.310667 0.950519
-0.234889 0.972022
-0.548272 -0.836300
0.945065 -0.326883
0.175533 0.984473
-0.999056 -0.043432
0.177884 -0.984051
0.921088 -0.389355
0.627111 0.778930
-0.276584 0.960990
-0.927428 -0.374001
-0.615289 -0.788302
0.700024 -0.714120
0.107560 0.994199
-0.459603 -0.888125
-0.687477 -0.726206
0.495756 -0.868462
0.385565 -0.922681
0.145881 -0.989302
0.984063 0.177822
-0.842955 -0.537984
-0.739284 -0.673394
0.086372 -0.996263
0.152910 -0.988240
-0.213783 0.976881
0.885951 0.463779
0.729005 -0.684508
0.466696 0.884418
0.431532 0.902098
-0.636386 0.771371
-0.936644 0.350284
-0.723398 0.690431
-0.600309 -0.799768
0.806477 0.591265
-0.457969 0.888968
0.681976 -0.731374
-0.780037 -0.625734
0.793325 0.608799
0.343397 -0.939190
-0.001767 -0.999998
-0.804470 0.593993
-0.669735 0.742600
-0.787214 0.616680
-0.138968 0.990297
-0.810329 -0.585976
0.909494 0.415718
0.814697 -0.579887
-0.910623 0.413237
0.734244 -0.678886
-0.454833 -0.890577
-0.969593 0.244723
-0.984164 0.177258
-0.263459 0.964671
0.160061 0.987107
0.024683 0.999695
-0.886046 -0.463598
-0.315993 0.948762
0.702293 0.711888
-0.003500 -0.999994
-0.992237 0.124364
-0.996059 0.088692
0.353559 0.935412
0.631917 -0.775036
0.668875 0.743375
-0.267940 0.963436
0.399583 0.916697
0.999842 0.017767
0.811857 -0.583856
-0.241085 0.970504
0.360029 -0.932941
-0.585289 -0.810825
-0.382527 -0.923944
0.451676 0.892182
0.960767 0.277358
0.968138 -0.250417
0.156791 -0.987632
0.758508 0.651663
0.643527 -0.765423
0.265348 0.964153
0.999335 -0.036461
-0.974365 -0.224972
-0.493229 -0.869899
-0.977047 0.213022
0.473729 -0.880671
0.779737 -0.626107
-0.237074 -0.971492
-0.828023 0.560694
0.347634 0.937630
0.525098 -0.851042
0.563587 0.826057
-0.461543 -0.887118
-0.447549 0.894259
-0.573443 0.819246
-0.979205 -0.202874
